0 4 31 26 3 10 10 14 1 14 
4 0 27 26 5 6 6 16 3 10 
31 27 0 48 32 21 33 43 30 31 
26 26 48 0 27 32 32 12 25 28 
3 5 32 27 0 11 11 15 2 15 
10 6 21 32 11 0 12 22 9 16 
10 6 33 32 11 12 0 20 9 4 
14 16 43 12 15 22 20 0 13 16 
1 3 30 25 2 9 9 13 0 13 
14 10 31 28 15 16 4 16 13 0 
